Vocabulary word
{u'john': 0}
CountVectorizer binary word
  (0, 0)	1
Vocabulary char
{u'jo': 3, u'hn': 1, u'oh': 6, u'h': 0, u'j': 2, u'o': 5, u'n': 4}
CountVectorizer binary char
  (0, 1)	1
  (0, 6)	1
  (0, 3)	1
  (0, 4)	1
  (0, 0)	1
  (0, 5)	1
  (0, 2)	1
CountVectorizer count
  (0, 0)	1
CountVectorizer count char
  (0, 1)	1
  (0, 6)	1
  (0, 3)	1
  (0, 4)	1
  (0, 0)	1
  (0, 5)	1
  (0, 2)	1
TfidfVectorizer
  (0, 0)	1.0
TfidfVectorizer char
  (0, 2)	0.377964473009
  (0, 5)	0.377964473009
  (0, 0)	0.377964473009
  (0, 4)	0.377964473009
  (0, 3)	0.377964473009
  (0, 6)	0.377964473009
  (0, 1)	0.377964473009
HashingVectorizer
  (0, 20)	-1.0
HashingVectorizer char
  (0, 11)	-0.301511344578
  (0, 16)	-0.301511344578
  (0, 18)	0.301511344578
  (0, 19)	-0.603022689156
  (0, 20)	-0.603022689156
Vocabulary word
{u'watch football': 20, u'likes movies': 9, u'to watch': 17, u'movies mary': 14, u'watch movies': 21, u'mary likes': 12, u'watch': 19, u'football': 2, u'also likes': 1, u'likes': 8, u'movies': 13, u'john likes': 7, u'football games': 3, u'also': 0, u'likes to': 10, u'john also': 6, u'to': 16, u'games': 4, u'too': 18, u'john': 5, u'mary': 11, u'movies too': 15}
CountVectorizer binary word
  (0, 15)	1
  (0, 9)	1
  (0, 12)	1
  (0, 14)	1
  (0, 21)	1
  (0, 17)	1
  (0, 10)	1
  (0, 7)	1
  (0, 18)	1
  (0, 11)	1
  (0, 13)	1
  (0, 19)	1
  (0, 16)	1
  (0, 8)	1
  (0, 5)	1
  (1, 3)	1
  (1, 20)	1
  (1, 1)	1
  (1, 6)	1
  (1, 4)	1
  (1, 2)	1
  (1, 0)	1
  (1, 17)	1
  (1, 10)	1
  (1, 19)	1
  (1, 16)	1
  (1, 8)	1
  (1, 5)	1
Vocabulary char
{u'ch': 18, u' f': 2, u' g': 3, u'y ': 68, u' l': 4, u' m': 5, u' a': 1, u' w': 7, u' t': 6, u'h ': 26, u'.': 8, u' ': 0, u'. ': 9, u'll': 38, u'li': 37, u'to': 62, u'ls': 39, u'tb': 60, u'tc': 61, u'a': 10, u'hn': 27, u'me': 42, u'b': 15, u'ma': 41, u'ke': 34, u'l ': 36, u'f': 21, u'h': 25, u'mo': 43, u'j': 31, u'l': 35, u'n': 44, u'n ': 45, u'r': 53, u't': 59, u'v': 63, u'ga': 24, u'vi': 64, u'am': 12, u'al': 11, u'ik': 30, u'ar': 13, u'at': 14, u'ie': 29, u'es': 20, u'o.': 48, u'ry': 54, u'o ': 47, u's.': 57, u's ': 56, u'ba': 16, u'wa': 66, u'jo': 32, u'fo': 22, u'oo': 50, u'c': 17, u'e': 19, u'g': 23, u'oh': 49, u'i': 28, u'k': 33, u'm': 40, u'o': 46, u's': 55, u'so': 58, u'w': 65, u'y': 67, u'ov': 52, u'ot': 51}
CountVectorizer binary char
  (0, 48)	1
  (0, 50)	1
  (0, 68)	1
  (0, 54)	1
  (0, 13)	1
  (0, 41)	1
  (0, 9)	1
  (0, 57)	1
  (0, 29)	1
  (0, 64)	1
  (0, 52)	1
  (0, 43)	1
  (0, 5)	1
  (0, 26)	1
  (0, 18)	1
  (0, 61)	1
  (0, 14)	1
  (0, 66)	1
  (0, 7)	1
  (0, 47)	1
  (0, 62)	1
  (0, 6)	1
  (0, 56)	1
  (0, 20)	1
  (0, 34)	1
  :	:
  (1, 20)	1
  (1, 34)	1
  (1, 30)	1
  (1, 37)	1
  (1, 4)	1
  (1, 45)	1
  (1, 27)	1
  (1, 49)	1
  (1, 32)	1
  (1, 8)	1
  (1, 40)	1
  (1, 17)	1
  (1, 10)	1
  (1, 65)	1
  (1, 59)	1
  (1, 55)	1
  (1, 19)	1
  (1, 33)	1
  (1, 28)	1
  (1, 35)	1
  (1, 0)	1
  (1, 44)	1
  (1, 25)	1
  (1, 46)	1
  (1, 31)	1
CountVectorizer count
  (0, 15)	1
  (0, 9)	1
  (0, 12)	1
  (0, 14)	1
  (0, 21)	1
  (0, 17)	1
  (0, 10)	1
  (0, 7)	1
  (0, 18)	1
  (0, 11)	1
  (0, 13)	2
  (0, 19)	1
  (0, 16)	1
  (0, 8)	2
  (0, 5)	1
  (1, 3)	1
  (1, 20)	1
  (1, 1)	1
  (1, 6)	1
  (1, 4)	1
  (1, 2)	1
  (1, 0)	1
  (1, 17)	1
  (1, 10)	1
  (1, 19)	1
  (1, 16)	1
  (1, 8)	1
  (1, 5)	1
CountVectorizer count char
  (0, 48)	1
  (0, 50)	1
  (0, 68)	1
  (0, 54)	1
  (0, 13)	1
  (0, 41)	1
  (0, 9)	1
  (0, 57)	1
  (0, 29)	2
  (0, 64)	2
  (0, 52)	2
  (0, 43)	2
  (0, 5)	3
  (0, 26)	1
  (0, 18)	1
  (0, 61)	1
  (0, 14)	1
  (0, 66)	1
  (0, 7)	1
  (0, 47)	1
  (0, 62)	2
  (0, 6)	2
  (0, 56)	3
  (0, 20)	4
  (0, 34)	2
  :	:
  (1, 20)	2
  (1, 34)	1
  (1, 30)	1
  (1, 37)	1
  (1, 4)	1
  (1, 45)	1
  (1, 27)	1
  (1, 49)	1
  (1, 32)	1
  (1, 8)	1
  (1, 40)	1
  (1, 17)	1
  (1, 10)	4
  (1, 65)	1
  (1, 59)	3
  (1, 55)	3
  (1, 19)	2
  (1, 33)	1
  (1, 28)	1
  (1, 35)	4
  (1, 0)	6
  (1, 44)	1
  (1, 25)	2
  (1, 46)	5
  (1, 31)	1
TfidfVectorizer
  (0, 5)	0.174863696815
  (0, 8)	0.34972739363
  (0, 16)	0.174863696815
  (0, 19)	0.174863696815
  (0, 13)	0.491529649097
  (0, 11)	0.245764824549
  (0, 18)	0.245764824549
  (0, 7)	0.245764824549
  (0, 10)	0.174863696815
  (0, 17)	0.174863696815
  (0, 21)	0.245764824549
  (0, 14)	0.245764824549
  (0, 12)	0.245764824549
  (0, 9)	0.245764824549
  (0, 15)	0.245764824549
  (1, 5)	0.224578375085
  (1, 8)	0.224578375085
  (1, 16)	0.224578375085
  (1, 19)	0.224578375085
  (1, 10)	0.224578375085
  (1, 17)	0.224578375085
  (1, 0)	0.315637070217
  (1, 2)	0.315637070217
  (1, 4)	0.315637070217
  (1, 6)	0.315637070217
  (1, 1)	0.315637070217
  (1, 20)	0.315637070217
  (1, 3)	0.315637070217
TfidfVectorizer char
  (0, 31)	0.0554625719007
  (0, 46)	0.332775431404
  (0, 25)	0.110925143801
  (0, 44)	0.0554625719007
  (0, 0)	0.443700575206
  (0, 35)	0.110925143801
  (0, 28)	0.221850287603
  (0, 33)	0.110925143801
  (0, 19)	0.221850287603
  (0, 55)	0.221850287603
  (0, 59)	0.166387715702
  (0, 65)	0.0554625719007
  (0, 10)	0.110925143801
  (0, 17)	0.0554625719007
  (0, 40)	0.166387715702
  (0, 63)	0.155901419225
  (0, 8)	0.110925143801
  (0, 53)	0.0779507096124
  (0, 67)	0.0779507096124
  (0, 32)	0.0554625719007
  (0, 49)	0.0554625719007
  (0, 27)	0.0554625719007
  (0, 45)	0.0554625719007
  (0, 4)	0.110925143801
  (0, 37)	0.110925143801
  :	:
  (1, 66)	0.0715231511555
  (1, 14)	0.0715231511555
  (1, 61)	0.0715231511555
  (1, 18)	0.0715231511555
  (1, 26)	0.0715231511555
  (1, 57)	0.0715231511555
  (1, 50)	0.0715231511555
  (1, 21)	0.100523293371
  (1, 15)	0.100523293371
  (1, 23)	0.100523293371
  (1, 1)	0.100523293371
  (1, 11)	0.201046586742
  (1, 39)	0.100523293371
  (1, 58)	0.100523293371
  (1, 2)	0.100523293371
  (1, 22)	0.100523293371
  (1, 51)	0.100523293371
  (1, 60)	0.100523293371
  (1, 16)	0.100523293371
  (1, 38)	0.100523293371
  (1, 36)	0.100523293371
  (1, 3)	0.100523293371
  (1, 24)	0.100523293371
  (1, 12)	0.100523293371
  (1, 42)	0.100523293371
HashingVectorizer
  (0, 1)	-0.333333333333
  (0, 2)	0.333333333333
  (0, 5)	-0.333333333333
  (0, 7)	0.333333333333
  (0, 9)	0.0
  (0, 14)	0.0
  (0, 16)	0.333333333333
  (0, 18)	0.333333333333
  (0, 20)	-0.333333333333
  (0, 23)	0.333333333333
  (0, 24)	-0.333333333333
  (1, 1)	0.301511344578
  (1, 3)	0.301511344578
  (1, 7)	0.301511344578
  (1, 9)	-0.301511344578
  (1, 12)	-0.301511344578
  (1, 13)	0.0
  (1, 16)	0.301511344578
  (1, 18)	0.301511344578
  (1, 20)	-0.301511344578
  (1, 22)	0.301511344578
  (1, 23)	0.301511344578
  (1, 24)	-0.301511344578
HashingVectorizer char
  (0, 0)	0.168496786891
  (0, 1)	0.168496786891
  (0, 3)	-0.0561655956302
  (0, 4)	-0.224662382521
  (0, 6)	-0.561655956302
  (0, 7)	0.224662382521
  (0, 8)	0.0561655956302
  (0, 9)	0.336993573781
  (0, 11)	0.0
  (0, 13)	-0.168496786891
  (0, 14)	-0.224662382521
  (0, 15)	0.0561655956302
  (0, 16)	-0.0561655956302
  (0, 17)	0.11233119126
  (0, 18)	0.336993573781
  (0, 19)	0.336993573781
  (0, 20)	-0.168496786891
  (0, 22)	-0.0561655956302
  (0, 24)	-0.224662382521
  (1, 0)	0.441128773256
  (1, 1)	0.0735214622094
  (1, 2)	0.147042924419
  (1, 3)	-0.0735214622094
  (1, 4)	-0.0735214622094
  (1, 5)	-0.147042924419
  (1, 6)	-0.294085848838
  (1, 7)	0.220564386628
  (1, 8)	0.147042924419
  (1, 9)	0.147042924419
  (1, 10)	0.0735214622094
  (1, 11)	-0.147042924419
  (1, 13)	-0.0735214622094
  (1, 14)	-0.441128773256
  (1, 15)	0.0
  (1, 16)	0.0
  (1, 17)	0.294085848838
  (1, 18)	0.367607311047
  (1, 19)	0.0735214622094
  (1, 20)	-0.294085848838
  (1, 22)	0.0
  (1, 23)	-0.0735214622094
  (1, 24)	-0.147042924419
